Zero all heads of layer 2; 500-step FT.

seed  bl_ppl  ppl_noft   ppl_ft  bl_pk  pk_noft   pk_ft   Δppl_ft    Δpk_ft
---------------------------------------------------------------------------
   0    4.92     13.94     5.04   1.00    0.000   0.300     +0.12    +0.700
   1    4.89     13.75     5.17   0.59    0.584   0.548     +0.28    +0.044
   2    4.94     11.43     5.07   1.00    0.036   0.884     +0.13    +0.116
   3    4.88     16.04     5.08   1.00    0.000   0.180     +0.20    +0.820
   4    4.86     12.89     5.00   1.00    0.148   0.560     +0.14    +0.440
   5    4.86     15.36     5.02   1.00    0.120   0.896     +0.16    +0.104
