Zero all heads of layer 1; 500-step FT.

seed  bl_ppl  ppl_noft   ppl_ft  bl_pk  pk_noft   pk_ft   Δppl_ft    Δpk_ft
---------------------------------------------------------------------------
   0    4.92     50.61     5.15   1.00    0.004   1.000     +0.23    +0.000
   1    4.89     44.58     5.13   0.59    0.004   0.496     +0.24    +0.096
   2    4.94     43.57     5.16   1.00    0.000   0.000     +0.22    +1.000
   3    4.88     54.31     5.08   1.00    0.000   0.272     +0.20    +0.728
   4    4.86     48.38     5.09   1.00    0.024   1.000     +0.23    +0.000
   5    4.86     38.62     5.16   1.00    0.012   0.948     +0.30    +0.052
