Zero all heads of layer 3; 500-step FT.

seed  bl_ppl  ppl_noft   ppl_ft  bl_pk  pk_noft   pk_ft   Δppl_ft    Δpk_ft
---------------------------------------------------------------------------
   0    4.92      5.91     4.98   1.00    0.004   0.300     +0.06    +0.700
   1    4.89      5.86     4.98   0.59    0.564   0.588     +0.09    +0.004
   2    4.94      6.09     4.95   1.00    0.000   0.744     +0.01    +0.256
   3    4.88      6.30     4.96   1.00    0.000   0.040     +0.08    +0.960
   4    4.86      5.66     4.98   1.00    0.000   0.596     +0.11    +0.404
   5    4.86      6.44     4.99   1.00    0.000   0.656     +0.12    +0.344
