Zero all heads of layer 0; 500-step FT.

seed  bl_ppl  ppl_noft   ppl_ft  bl_pk  pk_noft   pk_ft   Δppl_ft    Δpk_ft
---------------------------------------------------------------------------
   0    4.92     71.11     4.97   1.00    0.000   0.000     +0.05    +1.000
   1    4.89     55.47     4.93   0.59    0.000   0.000     +0.04    +0.592
   2    4.94     41.59     4.98   1.00    0.000   0.000     +0.04    +1.000
   3    4.88     55.51     4.94   1.00    0.000   0.000     +0.06    +1.000
   4    4.86     57.08     4.97   1.00    0.000   0.000     +0.11    +1.000
   5    4.86     50.18     4.92   1.00    0.000   0.000     +0.06    +1.000
