Zero all heads of layer 3; 2000-step FT.

seed  bl_ppl  ppl_noft   ppl_ft  bl_pk  pk_noft   pk_ft   Δppl_ft    Δpk_ft
---------------------------------------------------------------------------
   0    4.92      5.91     5.01   1.00    0.004   0.568     +0.09    +0.432
   1    4.89      5.86     5.02   0.59    0.564   0.756     +0.13    -0.164
   2    4.94      6.09     4.99   1.00    0.000   0.876     +0.05    +0.124
   3    4.88      6.30     4.97   1.00    0.000   0.180     +0.09    +0.820
   4    4.86      5.66     5.04   1.00    0.000   0.780     +0.18    +0.220
   5    4.86      6.44     5.00   1.00    0.000   0.964     +0.14    +0.036
