scope   sparsity strategy     val_ppl  pk_exact  pk_digit  actual_sp  eff_params  wall_s
----------------------------------------------------------------------------------------
attn        0.00 oneshot         4.92     1.000     1.000      0.000   3,224,320     1.3
attn        0.30 oneshot         5.04     1.000     1.000      0.300   2,909,744     1.0
attn        0.30 ft_short        5.00     1.000     1.000      0.300   2,909,744    17.8
attn        0.30 ft_long         5.23     1.000     1.000      0.300   2,909,744    63.9
attn        0.30 iterative       5.27     1.000     1.000      0.300   2,909,744    63.5
attn        0.50 oneshot         6.56     1.000     1.000      0.500   2,700,032     1.0
attn        0.50 ft_short        4.99     1.000     1.000      0.500   2,700,032    15.7
attn        0.50 ft_long         5.21     1.000     1.000      0.500   2,700,032    63.6
attn        0.50 iterative       5.49     1.000     1.000      0.500   2,700,032    94.6
attn        0.70 oneshot        29.14     0.016     0.482      0.700   2,490,320     1.0
attn        0.70 ft_short        4.94     1.000     1.000      0.700   2,490,320    16.8
attn        0.70 ft_long         5.06     0.996     0.999      0.700   2,490,320    63.3
attn        0.70 iterative       5.57     1.000     1.000      0.700   2,490,320   125.7
attn        0.80 oneshot        63.58     0.000     0.131      0.800   2,385,456     1.0
attn        0.80 ft_short        4.93     1.000     1.000      0.800   2,385,456    16.6
attn        0.80 ft_long         4.96     1.000     1.000      0.800   2,385,456    63.4
attn        0.80 iterative       5.33     1.000     1.000      0.800   2,385,456   126.1
attn        0.90 oneshot        76.34     0.004     0.107      0.900   2,280,608     1.0
attn        0.90 ft_short        5.49     0.928     0.982      0.900   2,280,608    16.6
attn        0.90 ft_long         4.93     1.000     1.000      0.900   2,280,608    63.3
attn        0.90 iterative       5.18     1.000     1.000      0.900   2,280,608   158.2
attn        0.95 oneshot        75.40     0.000     0.102      0.950   2,228,176     1.0
attn        0.95 ft_short       11.05     0.000     0.106      0.950   2,228,176    16.9
attn        0.95 ft_long         5.18     1.000     1.000      0.950   2,228,176    63.5
attn        0.95 iterative       5.13     1.000     1.000      0.950   2,228,176   157.9
