scope   sparsity strategy     val_ppl  pk_exact  pk_digit  actual_sp  eff_params  wall_s
----------------------------------------------------------------------------------------
mlp         0.00 oneshot         4.92     1.000     1.000      0.000   3,224,320     1.6
mlp         0.30 oneshot         5.08     1.000     1.000      0.300   2,595,176     1.2
mlp         0.30 ft_short        4.98     1.000     1.000      0.300   2,595,176    17.7
mlp         0.30 ft_long         5.19     1.000     1.000      0.300   2,595,176    62.8
mlp         0.30 iterative       5.23     1.000     1.000      0.300   2,595,176    62.9
mlp         0.50 oneshot         6.25     1.000     1.000      0.500   2,175,744     1.0
mlp         0.50 ft_short        4.94     1.000     1.000      0.500   2,175,744    16.6
mlp         0.50 ft_long         5.14     1.000     1.000      0.500   2,175,744    62.9
mlp         0.50 iterative       5.35     1.000     1.000      0.500   2,175,744    92.8
mlp         0.70 oneshot        15.37     0.936     0.984      0.700   1,756,312     1.0
mlp         0.70 ft_short        4.90     1.000     1.000      0.700   1,756,312    15.5
mlp         0.70 ft_long         4.95     1.000     1.000      0.700   1,756,312    62.3
mlp         0.70 iterative       5.28     1.000     1.000      0.700   1,756,312   123.7
mlp         0.80 oneshot        30.12     0.748     0.920      0.800   1,546,600     1.0
mlp         0.80 ft_short        4.97     1.000     1.000      0.800   1,546,600    16.6
mlp         0.80 ft_long         4.84     1.000     1.000      0.800   1,546,600    63.3
mlp         0.80 iterative       5.02     1.000     1.000      0.800   1,546,600   125.1
mlp         0.90 oneshot        62.07     0.004     0.202      0.900   1,336,880     1.0
mlp         0.90 ft_short        5.74     1.000     1.000      0.900   1,336,880    16.5
mlp         0.90 ft_long         5.06     1.000     1.000      0.900   1,336,880    63.1
mlp         0.90 iterative       5.00     1.000     1.000      0.900   1,336,880   155.4
mlp         0.95 oneshot       103.94     0.000     0.105      0.950   1,232,024     1.0
mlp         0.95 ft_short        7.13     1.000     1.000      0.950   1,232,024    16.3
mlp         0.95 ft_long         5.73     1.000     1.000      0.950   1,232,024    62.4
mlp         0.95 iterative       5.59     0.980     0.995      0.950   1,232,024   154.0
